%% Uppgift 1
A=[1 4 7 10; 2 5 8 11; 3 6 9 12];
B=[4 5 6; 3 2 1; 1 1 1];
C=[1; 3; 5];
D=[0 2 4];

%% A
A=[1 4 C(1,:) 10; 2 5 C(2,:) 11; 3 6 C(3,:) 12];
B=[B(1,:); D(1,:); B(1,:)];

%% B
A([3 2 1],[1 4 3 2])

