%% Uppgift 1
%% 1a)
A=[1 3; 5 -2]; 
B=[6 13];


%% 1b)
A=[1 3; 2 6];
B1=[5 12];
B2=[5 10];


%% Uppgift 2
%% 2a)
A=[-3 1 2; 3 -2 1; -1 5 1];
B=[2; 1; 1];


%% 2b)
A=[-3 1 2; 3 -2 1; 3 -4 7];
B1=[2; 1; 1];
B2=[2; 1; 7];

s